C 20 B 3 39 0 0
C 45 C 25 7 0 0
C 50 B 11 7 0 0
C 62 B 23 39 0 0
C 31 C 2 39 0 1
C 40 B 12 7 0 1
C 41 B 11 39 0 1
C 44 B 24 7 0 1
C 48 C 3 7 0 1
C 61 B 18 7 0 1
B 3 C 21 39 0 1
B 14 C 5 7 0 1
B 19 C 12 7 0 1
M 1 B 14 135 0 1
C 9 B 17 7 0 2
C 24 B 21 7 0 2
C 25 B 8 7 0 2
C 34 C 16 7 0 2
B 27 C 6 39 0 2
B 29 C 6 39 0 2
C 18 C 38 7 0 3
C 22 B 24 7 0 3
C 26 B 9 7 0 3
C 30 B 11 7 0 3
C 49 B 22 7 0 3
C 59 B 19 7 0 3
B 14 C 18 39 0 3
B 24 C 15 39 0 3
M 1 B 16 135 0 3
C 4 B 7 7 0 4
C 62 B 12 39 0 4
B 3 C 11 39 0 4
B 8 C 14 39 0 4
B 12 C 5 39 0 4
C 27 B 13 7 0 5
C 28 B 0 39 0 5
C 62 B 2 7 0 5
B 3 C 7 39 0 5
B 8 C 8 39 0 5
B 10 C 17 7 0 5
B 15 C 16 39 0 5
B 23 C 3 7 0 5
B 25 C 59 39 1 5
B 25 C 30 39 1 5
B 25 C 16 39 1 5
B 25 C 37 39 1 5
B 25 C 10 39 1 5
B 25 C 37 39 1 5
B 25 C 30 39 1 5
B 25 C 52 39 1 5
B 25 C 59 39 1 5
B 25 C 33 39 1 5
M 1 B 8 135 0 5
C 14 C 42 39 0 6
C 21 B 21 7 0 6
C 28 B 0 7 0 6
C 34 B 11 39 0 6
C 35 B 5 7 0 6
C 37 C 42 7 0 6
C 41 B 18 7 0 6
C 43 C 46 7 0 6
C 47 B 6 7 0 6
C 50 C 41 7 0 6
C 58 B 3 7 0 6
B 5 C 11 39 0 6
B 9 C 1 7 0 6
B 15 C 22 39 0 6
B 30 C 23 39 0 6
C 7 C 29 7 0 7
C 40 B 15 7 0 7
C 43 C 8 7 0 7
C 60 C 21 39 0 7
B 14 M 14 135 0 7
B 20 M 20 135 0 7
C 12 B 4 7 0 8
C 21 B 19 39 0 8
C 48 B 1 39 0 8
C 50 B 4 7 0 8
C 53 B 9 7 0 8
C 60 C 23 7 0 8
B 6 C 0 39 0 8
B 12 C 6 39 0 8
B 19 M 19 135 0 8
B 22 C 4 39 0 8
B 25 C 56 39 1 8
B 25 C 11 39 1 8
B 25 C 40 39 1 8
B 25 C 9 39 1 8
B 25 C 59 39 1 8
B 25 C 43 39 1 8
B 25 C 55 39 1 8
B 25 C 17 39 1 8
B 25 C 35 39 1 8
B 25 C 9 39 1 8
C 16 B 15 7 0 9
C 30 B 10 7 0 9
C 34 B 18 7 0 9
C 45 B 23 39 0 9
B 5 M 5 135 0 9
B 8 C 10 39 0 9
B 14 C 19 39 0 9
B 23 C 5 39 0 9
M 1 B 21 135 0 9
C 12 B 7 7 0 10
C 14 B 11 7 0 10
C 20 B 16 39 0 10
C 28 B 3 7 0 10
C 40 B 18 7 0 10
C 51 C 27 7 0 10
C 52 B 2 7 0 10
B 6 C 2 7 1 10
B 6 C 46 7 1 10
B 6 C 2 7 1 10
B 6 C 62 7 1 10
B 6 C 18 7 1 10
B 6 C 10 7 1 10
B 6 C 2 7 1 10
B 6 C 40 7 1 10
B 6 C 18 7 1 10
B 6 C 23 7 1 10
B 13 C 11 39 0 10
B 14 C 17 39 0 10
B 24 C 0 39 0 10
B 28 C 0 39 0 10
M 1 B 13 135 0 10
C 8 B 12 7 0 11
C 12 B 18 7 0 11
C 35 B 10 7 0 11
C 46 B 1 7 0 11
C 56 C 15 7 0 11
B 0 M 0 135 0 11
C 2 B 20 7 0 12
C 20 B 0 39 0 12
C 37 B 20 7 0 12
C 42 B 10 7 0 12
C 52 B 5 7 0 12
C 56 C 44 7 0 12
B 1 C 20 39 0 12
B 13 C 3 7 0 12
B 29 C 10 39 0 12
C 4 C 34 7 0 13
C 38 B 18 39 0 13
C 39 C 31 39 0 13
C 44 B 5 7 0 13
C 47 B 5 7 0 13
C 58 B 11 7 0 13
C 60 B 22 39 0 13
B 2 C 5 7 0 13
B 18 C 18 39 0 13
C 1 B 4 7 0 14
C 6 B 12 7 0 14
C 55 B 8 7 0 14
C 60 B 4 39 0 14
B 11 M 11 135 0 14
B 16 C 13 39 0 14
B 18 C 9 39 0 14
B 19 C 12 7 0 14
B 28 C 18 39 0 14
C 1 C 11 7 0 15
C 9 B 20 7 0 15
C 14 C 35 39 0 15
C 25 B 23 7 0 15
C 26 C 20 39 0 15
C 27 B 16 39 0 15
C 36 B 20 7 0 15
C 39 B 1 7 0 15
C 41 B 23 7 0 15
B 10 C 19 39 1 15
B 10 C 52 39 1 15
B 10 C 56 39 1 15
B 10 C 3 39 1 15
B 10 C 3 39 1 15
B 10 C 56 39 1 15
B 10 C 37 39 1 15
B 10 C 50 39 1 15
B 10 C 4 39 1 15
B 10 C 50 39 1 15
B 23 C 17 39 0 15
B 28 M 28 135 0 15
B 31 C 12 39 0 15
C 4 B 19 7 0 16
C 23 B 10 7 0 16
C 63 C 5 7 0 16
B 2 C 19 7 0 16
B 11 C 9 39 0 16
B 13 C 17 39 0 16
C 16 B 6 39 0 17
C 18 B 13 7 0 17
C 50 C 35 39 0 17
C 51 B 21 7 0 17
C 54 B 17 7 0 17
C 56 B 3 7 0 17
B 6 C 22 39 0 17
B 10 C 8 39 0 17
B 21 C 7 39 0 17
C 7 B 21 7 0 18
C 21 B 7 39 0 18
C 30 B 12 7 0 18
C 32 B 22 39 0 18
C 40 B 5 7 0 18
C 43 B 10 7 0 18
C 61 B 2 39 0 18
C 12 B 7 7 0 19
C 15 B 5 7 0 19
C 28 C 44 7 0 19
C 45 B 11 39 0 19
C 60 B 6 7 0 19
C 63 B 1 39 0 19
B 1 C 51 39 1 19
B 1 C 28 39 1 19
B 1 C 61 39 1 19
B 1 C 5 39 1 19
B 1 C 47 39 1 19
B 1 C 34 39 1 19
B 1 C 47 39 1 19
B 1 C 40 39 1 19
B 1 C 5 39 1 19
B 1 C 27 39 1 19
B 14 M 14 135 0 19
B 22 C 3 39 0 19
B 29 C 13 39 0 19
C 8 B 17 39 0 20
C 16 C 26 7 0 20
C 33 B 16 7 0 20
C 38 B 18 7 0 20
C 56 C 23 7 0 20
C 62 B 13 7 0 20
B 1 C 16 39 0 20
B 9 C 10 7 0 20
B 15 C 38 39 1 20
B 15 C 22 39 1 20
B 15 C 57 39 1 20
B 15 C 16 39 1 20
B 15 C 55 39 1 20
B 15 C 63 39 1 20
B 15 C 31 39 1 20
B 15 C 17 39 1 20
B 15 C 39 39 1 20
B 15 C 9 39 1 20
B 20 C 18 39 0 20
B 28 C 23 39 0 20
C 0 C 42 7 0 21
C 2 B 24 39 0 21
C 4 B 18 7 0 21
C 9 B 1 7 0 21
C 15 B 17 7 0 21
C 20 B 20 7 0 21
C 30 B 12 7 0 21
C 33 B 1 39 0 21
C 49 B 21 39 0 21
C 51 C 49 39 0 21
C 52 C 19 7 0 21
C 55 B 21 7 0 21
B 23 M 23 135 0 21
B 24 C 9 7 0 21
B 29 C 39 39 1 21
B 29 C 38 39 1 21
B 29 C 0 39 1 21
B 29 C 53 39 1 21
B 29 C 35 39 1 21
B 29 C 33 39 1 21
B 29 C 7 39 1 21
B 29 C 15 39 1 21
B 29 C 28 39 1 21
B 29 C 34 39 1 21
M 1 B 2 135 0 21
C 2 B 3 7 0 22
C 20 B 18 7 0 22
C 43 B 18 7 0 22
C 49 B 12 7 0 22
C 52 B 2 7 0 22
B 5 C 9 39 0 22
B 22 C 9 39 0 22
B 28 C 4 39 0 22
B 31 C 1 39 0 22
C 1 C 9 39 0 23
C 27 B 15 7 0 23
C 38 B 21 7 0 23
C 44 B 22 39 0 23
C 45 B 9 7 0 23
C 53 B 1 7 0 23
B 3 C 0 39 1 23
B 3 C 63 39 1 23
B 3 C 47 39 1 23
B 3 C 35 39 1 23
B 3 C 26 39 1 23
B 3 C 63 39 1 23
B 3 C 8 39 1 23
B 3 C 3 39 1 23
B 3 C 42 39 1 23
B 3 C 34 39 1 23
B 4 C 18 39 0 23
B 16 C 23 7 0 23
B 17 C 0 39 0 23
B 20 C 14 7 0 23
B 30 C 14 39 0 23
C 13 C 47 39 0 24
C 20 B 23 7 0 24
C 24 B 12 7 0 24
C 43 B 20 7 0 24
C 46 C 40 7 0 24
B 2 C 11 39 0 24
B 5 C 14 39 0 24
B 17 C 1 39 0 24
B 24 C 0 7 0 24
B 26 C 24 7 0 24
C 0 B 12 7 0 25
C 1 B 2 7 0 25
C 13 B 10 7 0 25
C 28 B 8 7 0 25
C 34 B 17 7 0 25
C 36 B 17 7 0 25
C 44 B 6 39 0 25
C 47 B 0 7 0 25
C 62 B 3 39 0 25
B 7 C 30 39 1 25
B 7 C 7 39 1 25
B 7 C 2 39 1 25
B 7 C 4 39 1 25
B 7 C 29 39 1 25
B 7 C 30 39 1 25
B 7 C 48 39 1 25
B 7 C 10 39 1 25
B 7 C 39 39 1 25
B 7 C 8 39 1 25
B 24 C 7 7 0 25
C 24 B 17 7 0 26
C 32 B 12 7 0 26
C 46 B 23 7 0 26
B 11 C 10 39 0 26
B 15 C 0 39 0 26
C 16 B 4 39 0 27
C 28 C 1 39 0 27
C 30 B 16 7 0 27
C 37 C 11 7 0 27
C 39 B 9 7 0 27
C 42 B 11 39 0 27
C 48 B 17 7 0 27
B 15 C 38 7 1 27
B 15 C 36 7 1 27
B 15 C 48 7 1 27
B 15 C 44 7 1 27
B 15 C 3 7 1 27
B 15 C 20 7 1 27
B 15 C 3 7 1 27
B 15 C 49 7 1 27
B 15 C 34 7 1 27
B 15 C 30 7 1 27
C 1 C 34 39 0 28
C 17 B 9 7 0 28
C 29 B 2 7 0 28
C 41 C 3 7 0 28
C 53 C 23 7 0 28
C 56 B 10 7 0 28
B 10 C 0 39 0 28
B 15 C 10 39 0 28
B 19 C 23 39 0 28
B 20 M 20 135 0 28
B 21 C 20 7 0 28
B 29 M 29 135 0 28
C 10 B 19 7 0 29
C 12 B 15 39 0 29
C 14 C 5 7 0 29
C 16 B 9 7 0 29
C 30 B 21 7 0 29
C 31 B 20 39 0 29
C 48 B 2 39 0 29
C 24 B 14 7 0 30
C 28 B 0 7 0 30
C 36 B 19 39 0 30
C 39 B 14 7 0 30
C 44 B 0 7 0 30
C 52 C 10 7 0 30
B 7 C 3 7 0 30
B 29 C 5 7 0 30
C 3 C 33 39 0 31
C 9 C 19 39 0 31
C 20 C 19 7 0 31
C 26 B 18 7 0 31
C 33 B 10 7 0 31
C 38 B 20 7 0 31
C 55 B 10 7 0 31
C 60 B 19 7 0 31
B 0 C 7 7 0 31
B 11 C 7 7 0 31
B 27 C 14 7 0 31
B 28 C 22 7 0 31
C 3 B 19 7 0 32
C 8 B 15 7 0 32
C 26 C 25 39 0 32
C 52 B 5 7 0 32
B 14 C 17 7 0 32
B 18 C 15 7 0 32
B 19 C 8 39 0 32
B 20 C 19 39 0 32
C 7 B 8 7 0 33
C 9 B 23 7 0 33
C 10 B 3 7 0 33
C 17 C 49 39 0 33
B 4 M 4 135 0 33
B 6 C 2 39 0 33
B 13 M 13 135 0 33
B 15 C 22 7 0 33
C 13 B 23 7 0 34
C 15 B 18 7 0 34
C 20 B 6 39 0 34
C 42 B 22 7 0 34
C 51 B 7 7 0 34
C 57 B 1 7 0 34
C 60 C 13 7 0 34
B 10 C 11 39 0 34
B 16 C 2 39 0 34
C 3 C 38 39 0 35
C 16 C 47 39 0 35
C 20 B 13 7 0 35
C 28 C 29 39 0 35
C 41 B 24 39 0 35
C 43 B 11 7 0 35
B 17 C 1 39 0 35
C 4 C 37 7 0 36
C 17 C 18 7 0 36
C 20 B 17 7 0 36
C 35 C 12 39 0 36
C 44 C 48 39 0 36
C 53 B 4 7 0 36
C 54 B 0 7 0 36
C 62 B 17 7 0 36
B 18 C 2 39 0 36
B 21 C 12 39 0 36
B 28 C 2 39 0 36
B 31 C 14 39 0 36
C 0 B 1 39 0 37
C 20 B 7 7 0 37
C 23 B 7 7 0 37
C 28 C 1 7 0 37
C 30 B 10 7 0 37
C 31 C 23 39 0 37
C 32 B 19 7 0 37
C 40 B 22 7 0 37
C 49 B 15 39 0 37
C 61 B 4 7 0 37
B 3 C 2 7 0 37
B 4 C 1 7 0 37
B 10 C 24 7 0 37
B 13 C 14 39 0 37
B 22 C 57 7 1 37
B 22 C 19 7 1 37
B 22 C 0 7 1 37
B 22 C 33 7 1 37
B 22 C 54 7 1 37
B 22 C 12 7 1 37
B 22 C 3 7 1 37
B 22 C 57 7 1 37
B 22 C 45 7 1 37
B 22 C 19 7 1 37
C 0 B 5 7 0 38
C 22 C 21 39 0 38
C 37 B 19 7 0 38
C 46 B 3 7 0 38
C 51 B 15 7 0 38
C 54 B 7 7 0 38
C 58 B 24 7 0 38
C 63 B 7 7 0 38
B 24 C 35 39 1 38
B 24 C 10 39 1 38
B 24 C 19 39 1 38
B 24 C 27 39 1 38
B 24 C 58 39 1 38
B 24 C 17 39 1 38
B 24 C 4 39 1 38
B 24 C 24 39 1 38
B 24 C 42 39 1 38
B 24 C 45 39 1 38
C 23 B 14 7 0 39
C 29 C 46 7 0 39
C 34 C 6 39 0 39
C 60 B 20 39 0 39
B 1 M 1 135 0 39
B 10 C 21 7 0 39
C 0 C 8 39 0 40
C 1 C 41 39 0 40
C 20 B 24 7 0 40
C 22 B 1 7 0 40
C 35 B 11 39 0 40
C 58 B 10 39 0 40
C 61 B 7 7 0 40
B 7 M 7 135 0 40
B 22 C 22 7 0 40
B 29 C 21 7 0 40
B 30 C 24 7 0 40
C 2 B 18 7 0 41
C 5 B 6 7 0 41
C 16 B 24 7 0 41
C 23 C 41 39 0 41
C 34 B 3 39 0 41
C 35 C 43 7 0 41
C 47 B 0 7 0 41
C 54 B 19 7 0 41
B 4 C 9 39 0 41
B 8 C 19 39 0 41
B 20 C 15 39 0 41
B 29 C 23 39 0 41
C 2 B 19 39 0 42
C 10 B 1 7 0 42
C 14 C 18 7 0 42
C 16 B 4 39 0 42
C 19 B 9 7 0 42
C 36 B 21 7 0 42
C 47 C 5 39 0 42
C 50 C 33 39 0 42
B 2 M 2 135 0 42
B 15 C 1 39 0 42
M 1 B 19 135 0 42
C 12 B 9 7 0 43
C 20 B 8 7 0 43
C 25 B 15 7 0 43
C 31 C 12 7 0 43
C 40 B 14 7 0 43
C 41 B 2 7 0 43
C 54 B 4 7 0 43
C 55 B 1 7 0 43
B 4 C 20 7 0 43
B 10 C 23 7 0 43
B 13 C 23 39 0 43
B 15 C 9 39 0 43
C 13 B 13 39 0 44
C 30 B 20 39 0 44
C 43 B 24 7 0 44
C 51 C 35 7 0 44
C 54 B 4 7 0 44
C 63 B 3 7 0 44
B 8 C 23 7 0 44
B 9 C 18 39 0 44
B 16 C 30 39 1 44
B 16 C 49 39 1 44
B 16 C 9 39 1 44
B 16 C 51 39 1 44
B 16 C 42 39 1 44
B 16 C 31 39 1 44
B 16 C 23 39 1 44
B 16 C 59 39 1 44
B 16 C 18 39 1 44
B 16 C 6 39 1 44
B 26 C 5 39 0 44
C 10 C 41 39 0 45
C 26 B 9 39 0 45
C 42 B 19 7 0 45
C 46 C 40 7 0 45
B 13 C 5 7 0 45
C 14 B 2 7 0 46
C 26 B 24 7 0 46
C 37 B 5 7 0 46
C 45 B 16 7 0 46
C 51 B 24 7 0 46
C 58 B 13 7 0 46
B 0 C 9 39 0 46
B 5 C 9 7 0 46
B 6 C 19 39 0 46
B 8 C 20 39 0 46
C 1 B 15 7 0 47
C 4 C 48 7 0 47
C 9 B 8 7 0 47
C 21 B 10 7 0 47
C 33 B 20 7 0 47
C 40 C 39 39 0 47
C 55 C 7 7 0 47
C 63 B 12 7 0 47
B 6 C 17 7 0 47
B 14 C 61 39 1 47
B 14 C 10 39 1 47
B 14 C 34 39 1 47
B 14 C 19 39 1 47
B 14 C 37 39 1 47
B 14 C 34 39 1 47
B 14 C 54 39 1 47
B 14 C 7 39 1 47
B 14 C 21 39 1 47
B 14 C 12 39 1 47
C 12 B 9 7 0 48
C 21 B 16 7 0 48
C 25 B 14 7 0 48
C 38 B 19 7 0 48
C 39 B 17 7 0 48
C 42 C 6 39 0 48
C 55 C 25 39 0 48
C 59 B 21 7 0 48
B 1 C 24 39 0 48
B 5 C 2 39 0 48
B 6 M 6 135 0 48
B 8 C 0 39 0 48
B 13 M 13 135 0 48
B 23 C 63 39 1 48
B 23 C 5 39 1 48
B 23 C 60 39 1 48
B 23 C 5 39 1 48
B 23 C 11 39 1 48
B 23 C 60 39 1 48
B 23 C 14 39 1 48
B 23 C 13 39 1 48
B 23 C 28 39 1 48
B 23 C 3 39 1 48
M 1 B 4 135 0 48
C 4 C 16 39 0 49
C 13 B 18 7 0 49
C 19 B 12 7 0 49
C 26 B 22 39 0 49
C 34 B 2 7 0 49
C 37 B 15 39 0 49
C 51 B 19 7 0 49
C 54 B 12 7 0 49
B 13 M 13 135 0 49
B 15 C 23 39 0 49
B 26 C 1 39 0 49
C 0 B 8 39 0 50
C 21 B 13 7 0 50
C 27 B 14 7 0 50
C 30 B 16 7 0 50
C 38 B 5 7 0 50
C 47 C 12 7 0 50
C 55 B 3 7 0 50
C 58 B 21 7 0 50
B 13 C 19 7 0 50
B 17 C 22 39 0 50
B 26 C 15 39 0 50
B 29 C 0 7 0 50
C 15 B 14 7 0 51
C 35 B 0 7 0 51
C 59 B 19 7 0 51
C 61 B 18 39 0 51
B 1 C 11 39 0 51
B 8 C 17 39 0 51
B 16 C 14 39 0 51
B 18 C 18 39 0 51
B 23 C 17 39 0 51
B 31 C 9 39 0 51
C 2 B 6 7 0 52
C 41 B 4 7 0 52
C 52 B 24 7 0 52
C 53 B 17 39 0 52
C 54 B 23 7 0 52
C 59 C 11 7 0 52
B 22 C 3 39 0 52
B 28 C 14 39 0 52
C 7 B 7 39 0 53
C 11 B 22 39 0 53
C 37 B 10 7 0 53
C 50 C 5 7 0 53
C 51 C 26 39 0 53
B 10 C 10 39 0 53
B 12 M 12 135 0 53
B 20 M 20 135 0 53
B 22 C 24 39 0 53
C 4 B 10 7 0 54
C 7 C 17 7 0 54
C 11 B 13 39 0 54
C 19 B 18 7 0 54
C 42 B 6 7 0 54
C 48 B 2 7 0 54
B 0 C 8 39 1 54
B 0 C 44 39 1 54
B 0 C 36 39 1 54
B 0 C 20 39 1 54
B 0 C 3 39 1 54
B 0 C 22 39 1 54
B 0 C 16 39 1 54
B 0 C 52 39 1 54
B 0 C 27 39 1 54
B 0 C 40 39 1 54
B 5 C 0 7 0 54
C 0 B 12 7 0 55
C 2 B 15 7 0 55
C 6 C 28 7 0 55
C 32 B 0 7 0 55
C 34 C 9 39 0 55
C 47 B 6 7 0 55
B 9 C 1 39 0 55
C 18 B 21 7 0 56
C 19 B 10 7 0 56
C 23 B 2 7 0 56
C 55 B 24 7 0 56
C 58 C 35 39 0 56
B 17 C 14 39 0 56
B 26 C 17 39 0 56
B 28 C 16 7 0 56
C 8 B 14 7 0 57
C 11 B 3 7 0 57
C 12 B 22 7 0 57
C 25 B 14 7 0 57
C 45 B 19 7 0 57
C 60 B 0 7 0 57
B 4 C 22 39 0 57
B 7 C 5 39 0 57
B 13 C 6 39 0 57
B 28 C 20 39 0 57
B 30 C 24 7 0 57
C 3 B 11 7 0 58
C 5 C 29 39 0 58
C 17 B 10 7 0 58
C 24 B 24 7 0 58
C 49 B 16 7 0 58
C 56 C 21 39 0 58
C 62 C 40 7 0 58
B 0 C 10 39 0 58
B 15 C 11 7 0 58
B 27 C 10 7 0 58
C 1 B 24 7 0 59
C 2 B 0 39 0 59
C 9 B 15 7 0 59
C 27 B 16 39 0 59
C 31 C 26 7 0 59
C 38 B 1 7 0 59
C 42 B 2 39 0 59
C 47 B 11 39 0 59
B 25 C 5 7 0 59

